2
4
6
9
13
16
22
30
41
50
63
74
89
99
115
129
145
165
192
216
234
261
294
326
353
395
427
460
491
537
574
605
644
689
740
784
846
894
944
989
1053
1107
1146
1196
1256
1324
1383
1464
1528
1594
1653
1735
1805
1853
1914
1988
2072
2145
2244
2324
2406
2479
2579
2665
2722
2794
2882
2982
3069
3186
3282
3380
3467
3585
3687
3753
3836
3938
4054
4155
4290
4402
4516
4617
4753
4871
4946
5040
5156
5288
5403
5556
5684
5814
5929
6083
6217
6301
6406
6536
6684
6813
6984
7128
7274
7403
7575
7725
7818
7934
8078
8242
8385
8574
8734
8896
9039
9229
9395
9497
9624
9782
9962
10119
10326
10502
